0.000000 1.000000 2.000000 3.000000 4.000000 5.000000 6.000000 7.000000 8.000000 9.000000 10.000000 11.000000 12.000000 13.000000 14.000000 15.000000 16.000000 17.000000 18.000000 19.000000 20.000000 21.000000 22.000000 23.000000 24.000000 25.000000 26.000000 27.000000 28.000000 29.000000 30.000000 31.000000 32.000000 33.000000 34.000000 35.000000 36.000000 37.000000 38.000000 39.000000 40.000000 41.000000 42.000000 43.000000 44.000000 45.000000 46.000000 47.000000 48.000000 49.000000 50.000000 51.000000 52.000000 53.000000 54.000000 55.000000 56.000000 57.000000 58.000000 59.000000 
0.909297 -0.756802 -0.279415 0.989358 -0.544021 -0.536573 0.990607 -0.287903 -0.750987 0.912945 -0.008851 -0.905578 0.762558 0.270906 -0.988032 0.551427 0.529083 -0.991779 0.296369 0.745113 -0.916522 0.017702 0.901788 -0.768255 -0.262375 0.986628 -0.558789 -0.521551 0.992873 -0.304811 -0.739181 0.920026 -0.026551 -0.897928 0.773891 0.253823 -0.985146 0.566108 0.513978 -0.993889 0.313229 0.733190 -0.923458 0.035398 0.893997 -0.779466 -0.245252 0.983588 -0.573382 -0.506366 0.994827 -0.321622 -0.727143 0.926819 -0.044243 -0.889996 0.784980 0.236661 -0.981952 69.000000 
-0.998365 -0.530195 0.917948 -0.885720 -0.878707 0.916954 -0.544512 -0.997633 0.967640 -0.017702 -0.971252 0.998957 0.515689 -0.918997 0.892498 0.871457 -0.916017 0.558633 0.996756 -0.965810 0.035396 0.973029 -0.999412 -0.500996 0.920101 -0.899043 -0.863970 0.915137 -0.572557 -0.995731 0.963969 -0.053077 -0.974781 0.999735 0.486122 -0.921257 0.905355 0.856245 -0.914316 0.586279 0.994554 -0.962120 0.070737 0.976505 -0.999930 -0.471070 0.922465 -0.911437 -0.848281 0.913554 -0.599795 -0.993220 0.960267 -0.088370 -0.978198 1.000000 0.455846 -0.923723 -0.228052 79.000000 
-0.872546 0.965066 -0.979939 -0.982638 0.965585 -0.886175 -0.911258 0.934308 -0.035396 -0.931708 0.910164 0.858008 -0.964514 0.977147 0.985224 -0.966071 0.898906 0.911978 -0.935606 0.070734 0.930412 -0.909786 -0.842546 0.963929 -0.974281 -0.987678 0.966524 -0.910757 -0.912817 0.936900 -0.105955 -0.929122 0.909518 0.826152 -0.963311 0.971358 0.989978 -0.966944 0.921745 0.913776 -0.938186 0.141003 0.927841 -0.909356 -0.808819 0.962660 -0.968396 -0.992102 0.967331 -0.931890 -0.914856 0.939463 -0.175821 -0.926573 0.909298 0.790541 -0.961976 -0.440454 0.795824 89.000000 
0.936130 -0.925258 -0.923197 0.935765 -0.979757 -0.968486 0.955978 -0.070733 -0.957491 0.969028 0.989474 -0.936518 0.927362 0.921196 -0.935422 0.974342 0.968126 -0.955213 0.140996 0.958236 -0.969215 -0.993475 0.936928 -0.929491 -0.919276 0.935101 -0.968735 -0.967704 0.954445 -0.210328 -0.958971 0.969347 0.996680 -0.937359 0.931631 0.917455 -0.934803 0.963049 0.967219 -0.953674 0.278284 0.959694 -0.969426 -0.998903 0.937812 -0.933768 -0.915757 0.934528 -0.957386 -0.966668 0.952902 -0.344440 -0.960404 0.969455 0.999947 -0.938286 -0.771317 0.999783 0.877575 99.000000 
-0.961133 -0.962263 0.955119 -0.925396 -0.933704 0.942367 -0.140994 -0.941350 0.933315 0.917856 -0.954672 0.959963 0.963344 -0.955323 0.929446 0.933961 -0.942878 0.278270 0.940847 -0.933181 -0.914650 0.954428 -0.958761 -0.964367 0.955512 -0.933525 -0.934262 0.943389 -0.408360 -0.940348 0.933086 0.912041 -0.954170 0.957536 0.965324 -0.955688 0.937542 0.934608 -0.943899 0.528275 0.939855 -0.933029 -0.910208 0.953899 -0.956295 -0.966205 0.955849 -0.941421 -0.934999 0.944407 -0.635673 -0.939369 0.933008 0.909341 -0.953614 -0.999603 0.909478 0.983055 -0.079579 109.000000 
-0.938087 0.942940 -0.961057 -0.956333 0.951125 -0.278266 -0.951751 0.956560 0.965115 -0.943238 0.939671 0.937336 -0.942805 0.958787 0.956182 -0.950809 0.528251 0.952060 -0.956638 -0.966773 0.943400 -0.940490 -0.936621 0.942679 -0.956437 -0.956005 0.950492 -0.728904 -0.952364 0.956693 0.968095 -0.943571 0.941320 0.935949 -0.942562 0.954061 0.955802 -0.950174 0.870664 0.952664 -0.956726 -0.969006 0.943750 -0.942155 -0.935327 0.942453 -0.951707 -0.955572 0.949857 -0.955499 -0.952959 0.956738 0.969433 -0.943939 -0.909627 0.969366 0.922876 -0.158486 -0.942525 119.000000 
0.950770 -0.938920 -0.942130 0.945570 -0.528245 -0.945162 0.941977 0.936096 -0.950586 0.952776 0.954184 -0.950854 0.940473 0.942231 -0.945776 0.870640 0.944960 -0.941925 -0.934924 0.950485 -0.952277 -0.954611 0.950932 -0.942060 -0.942349 0.945982 -0.993624 -0.944761 0.941888 0.933983 -0.950379 0.951769 0.955010 -0.951005 0.943643 0.942485 -0.946187 0.985495 0.944564 -0.941866 -0.933330 0.950267 -0.951256 -0.955378 0.951072 -0.945191 -0.942639 0.946393 -0.942687 -0.944370 0.941858 0.933024 -0.950149 -0.969293 0.933072 0.962437 -0.311691 -0.951028 -0.689676 129.000000 
-0.953231 -0.951271 0.949127 -0.870635 -0.949384 0.951365 0.954923 -0.945921 0.944490 0.943562 -0.945747 0.952288 0.951209 -0.948998 0.985503 0.949510 -0.951398 -0.955616 0.945986 -0.944818 -0.943279 0.945696 -0.951314 -0.951136 0.948868 -0.914530 -0.949636 0.951420 0.956169 -0.946055 0.945150 0.943013 -0.945649 0.950334 0.951052 -0.948738 0.920986 0.949759 -0.951434 -0.956550 0.946127 -0.945485 -0.942768 0.945605 -0.949366 -0.950957 0.948608 -0.950927 -0.949880 0.951439 0.956729 -0.946203 -0.933125 0.956701 0.937967 -0.583784 -0.945634 -0.981730 0.379636 139.000000 
-0.945475 0.946863 -0.985505 -0.946698 0.945414 0.943071 -0.948906 0.949805 0.950384 -0.949016 0.944811 0.945516 -0.946946 0.920980 0.946616 -0.945393 -0.942609 0.948865 -0.949600 -0.950560 0.949048 -0.945447 -0.945563 0.947030 -0.966835 -0.946535 0.945378 0.942240 -0.948821 0.949391 0.950725 -0.949078 0.946084 0.945618 -0.947113 0.963457 0.946456 -0.945369 -0.941984 0.948776 -0.949181 -0.950877 0.949105 -0.946709 -0.945680 0.947197 -0.945699 -0.946377 0.945366 0.941864 -0.948728 -0.956670 0.941882 0.953806 -0.919799 -0.949087 -0.923893 0.688393 0.999521 149.000000 
0.948310 -0.920978 -0.948415 0.949226 0.950689 -0.947005 0.946426 0.946051 -0.946934 0.949604 0.949162 -0.948257 0.963460 0.948466 -0.949239 -0.950975 0.947032 -0.946558 -0.945937 0.946914 -0.949205 -0.949132 0.948204 -0.934881 -0.948517 0.949248 0.951204 -0.947060 0.946693 0.945830 -0.946895 0.948803 0.949097 -0.948151 0.937258 0.948568 -0.949254 -0.951361 0.947089 -0.946829 -0.945731 0.946877 -0.948407 -0.949058 0.948098 -0.949046 -0.948617 0.949256 0.951435 -0.947120 -0.941903 0.951424 0.943812 -0.964090 -0.946889 -0.961883 0.981239 0.909696 0.436138 159.000000 
-0.963461 -0.947320 0.946800 0.945854 -0.948220 0.948587 0.948824 -0.948264 0.946556 0.946841 -0.947421 0.937255 0.947287 -0.946791 -0.945668 0.948203 -0.948503 -0.948896 0.948277 -0.946813 -0.946860 0.947455 -0.955642 -0.947255 0.946785 0.945519 -0.948185 0.948418 0.948963 -0.948290 0.947071 0.946882 -0.947489 0.954231 0.947222 -0.946781 -0.945416 0.948166 -0.948332 -0.949025 0.948301 -0.947325 -0.946907 0.947523 -0.946915 -0.947190 0.946780 0.945368 -0.948147 -0.951411 0.945376 0.950229 -0.936816 -0.948293 -0.938350 0.924268 0.969259 0.765794 -0.643561 169.000000 
-0.948019 0.948350 0.948948 -0.947445 0.947210 0.947058 -0.947417 0.948505 0.948324 -0.947955 0.954232 0.948040 -0.948355 -0.949066 0.947456 -0.947264 -0.947012 0.947408 -0.948341 -0.948312 0.947933 -0.942592 -0.948061 0.948359 0.949159 -0.947467 0.947318 0.946968 -0.947400 0.948177 0.948298 -0.947912 0.943531 0.948082 -0.948361 -0.949224 0.947479 -0.947374 -0.946928 0.947393 -0.948016 -0.948282 0.947890 -0.948277 -0.948102 0.948362 0.949254 -0.947492 -0.945384 0.949250 0.946152 -0.954495 -0.947398 -0.953575 0.961677 0.933149 0.999231 -0.960034 -0.961389 179.000000 
0.947362 0.946978 -0.947940 0.948089 0.948186 -0.947958 0.947263 0.947379 -0.947615 0.943530 0.947560 -0.947358 -0.946903 0.947933 -0.948055 -0.948215 0.947963 -0.947367 -0.947386 0.947628 -0.950986 -0.947547 0.947356 0.946842 -0.947925 0.948020 0.948243 -0.947968 0.947472 0.947395 -0.947642 0.950404 0.947534 -0.947354 -0.946801 0.947918 -0.947985 -0.948268 0.947973 -0.947575 -0.947406 0.947656 -0.947409 -0.947521 0.947354 0.946781 -0.947910 -0.949244 0.946784 0.948760 -0.943356 -0.947970 -0.943964 0.938492 0.956656 0.909936 -0.939622 -0.938691 -0.141090 189.000000 
0.948237 -0.947624 0.947529 0.947467 -0.947613 0.948056 0.947982 -0.947832 0.950404 0.947866 -0.947995 -0.948285 0.947629 -0.947550 -0.947448 0.947609 -0.947989 -0.947977 0.947823 -0.945661 -0.947875 0.947996 0.948323 -0.947633 0.947573 0.947430 -0.947606 0.947922 0.947971 -0.947814 0.946039 0.947883 -0.947997 -0.948349 0.947638 -0.947595 -0.947414 0.947603 -0.947857 -0.947965 0.947805 -0.947963 -0.947892 0.947998 0.948362 -0.947643 -0.946788 0.948360 0.947099 -0.950513 -0.947605 -0.950134 0.953489 0.941913 0.969141 -0.952806 -0.953369 -0.278450 0.846236 199.000000 
-0.947825 0.947886 0.947926 -0.947833 0.947550 0.947597 -0.947693 0.946038 0.947671 -0.947589 -0.947404 0.947823 -0.947873 -0.947938 0.947835 -0.947593 -0.947600 0.947699 -0.949070 -0.947666 0.947588 0.947379 -0.947820 0.947858 0.947949 -0.947837 0.947635 0.947604 -0.947704 0.948832 0.947660 -0.947587 -0.947362 0.947817 -0.947844 -0.947959 0.947839 -0.947677 -0.947608 0.947710 -0.947609 -0.947655 0.947587 0.947354 -0.947813 -0.948358 0.947356 0.948160 -0.945968 -0.947838 -0.946214 0.944021 0.951405 0.933234 -0.944471 -0.944100 -0.528558 0.992607 0.831758 209.000000 
0.947658 0.947633 -0.947692 0.947873 0.947843 -0.947782 0.948832 0.947796 -0.947848 -0.947966 0.947699 -0.947667 -0.947625 0.947691 -0.947846 -0.947841 0.947778 -0.946900 -0.947799 0.947849 0.947982 -0.947701 0.947676 0.947618 -0.947690 0.947818 0.947838 -0.947774 0.947053 0.947803 -0.947849 -0.947992 0.947703 -0.947685 -0.947612 0.947689 -0.947792 -0.947836 0.947771 -0.947835 -0.947806 0.947849 0.947997 -0.947705 -0.947357 0.947997 0.947483 -0.948876 -0.947689 -0.948721 0.950098 0.945388 0.956607 -0.949817 -0.950049 -0.870942 0.915351 0.995705 -0.167385 219.000000 
0.947820 -0.947782 0.947667 0.947686 -0.947725 0.947053 0.947716 -0.947683 -0.947607 0.947778 -0.947798 -0.947825 0.947783 -0.947684 -0.947687 0.947727 -0.948286 -0.947714 0.947682 0.947597 -0.947777 0.947792 0.947829 -0.947784 0.947702 0.947689 -0.947730 0.948189 0.947712 -0.947682 -0.947591 0.947775 -0.947787 -0.947834 0.947785 -0.947719 -0.947691 0.947732 -0.947691 -0.947710 0.947682 0.947587 -0.947774 -0.947996 0.947588 0.947915 -0.947024 -0.947784 -0.947124 0.946237 0.949242 0.941946 -0.946418 -0.946268 -0.985400 0.966414 0.912839 -0.328553 -0.968372 229.000000 
-0.947725 0.947798 0.947786 -0.947761 0.948189 0.947767 -0.947788 -0.947836 0.947728 -0.947715 -0.947698 0.947724 -0.947787 -0.947785 0.947760 -0.947402 -0.947768 0.947788 0.947843 -0.947728 0.947718 0.947695 -0.947724 0.947776 0.947784 -0.947758 0.947465 0.947770 -0.947789 -0.947847 0.947729 -0.947722 -0.947692 0.947723 -0.947765 -0.947783 0.947757 -0.947783 -0.947771 0.947789 0.947849 -0.947730 -0.947588 0.947849 0.947640 -0.948207 -0.947724 -0.948144 0.948707 0.946789 0.951385 -0.948592 -0.948686 -0.921059 0.935179 0.967693 -0.610828 -0.933785 -0.622965 239.000000 
0.947714 0.947722 -0.947738 0.947465 0.947735 -0.947721 -0.947690 0.947760 -0.947768 -0.947779 0.947762 -0.947722 -0.947723 0.947739 -0.947967 -0.947734 0.947721 0.947686 -0.947759 0.947766 0.947781 -0.947762 0.947729 0.947723 -0.947740 0.947927 0.947733 -0.947721 -0.947683 0.947759 -0.947763 -0.947782 0.947762 -0.947736 -0.947724 0.947741 -0.947724 -0.947732 0.947721 0.947682 -0.947758 -0.947848 0.947682 0.947816 -0.947453 -0.947762 -0.947494 0.947133 0.948357 0.945401 -0.947207 -0.947146 -0.963417 0.955466 0.934270 -0.939667 -0.956285 -0.947693 0.459930 249.000000 
0.947763 -0.947753 0.947927 0.947755 -0.947764 -0.947783 0.947739 -0.947734 -0.947727 0.947738 -0.947763 -0.947763 0.947752 -0.947607 -0.947756 0.947764 0.947786 -0.947739 0.947735 0.947726 -0.947738 0.947759 0.947762 -0.947752 0.947632 0.947756 -0.947764 -0.947788 0.947740 -0.947737 -0.947725 0.947737 -0.947755 -0.947762 0.947751 -0.947762 -0.947757 0.947764 0.947789 -0.947740 -0.947682 0.947789 0.947703 -0.947935 -0.947738 -0.947909 0.948138 0.947358 0.949234 -0.948091 -0.948130 -0.937285 0.942710 0.956001 -0.952779 -0.942162 -0.947781 0.795517 0.998344 259.000000 
-0.947743 0.947632 0.947742 -0.947736 -0.947724 0.947752 -0.947756 -0.947760 0.947753 -0.947737 -0.947737 0.947744 -0.947837 -0.947742 0.947736 0.947722 -0.947752 0.947755 0.947761 -0.947753 0.947740 0.947737 -0.947744 0.947820 0.947741 -0.947736 -0.947721 0.947752 -0.947754 -0.947761 0.947753 -0.947742 -0.947738 0.947745 -0.947738 -0.947741 0.947736 0.947721 -0.947752 -0.947788 0.947721 0.947775 -0.947627 -0.947753 -0.947644 0.947497 0.947995 0.946795 -0.947527 -0.947503 -0.954214 0.950913 0.942352 -0.944489 -0.951252 -0.947725 0.999795 0.910671 0.354882 269.000000 
0.947820 0.947750 -0.947754 -0.947762 0.947744 -0.947742 -0.947739 0.947743 -0.947754 -0.947753 0.947749 -0.947690 -0.947751 0.947754 0.947763 -0.947744 0.947742 0.947738 -0.947743 0.947752 0.947753 -0.947749 0.947700 0.947751 -0.947754 -0.947764 0.947744 -0.947743 -0.947738 0.947743 -0.947750 -0.947753 0.947749 -0.947753 -0.947751 0.947754 0.947764 -0.947744 -0.947721 0.947764 0.947729 -0.947823 -0.947743 -0.947813 0.947906 0.947589 0.948353 -0.947887 -0.947903 -0.943542 0.945708 0.951134 -0.949806 -0.945488 -0.947761 0.909468 0.968777 0.651655 -0.708702 279.000000 
0.947745 -0.947743 -0.947738 0.947749 -0.947751 -0.947752 0.947750 -0.947743 -0.947743 0.947746 -0.947784 -0.947745 0.947743 0.947737 -0.947749 0.947750 0.947753 -0.947750 0.947744 0.947743 -0.947746 0.947777 0.947745 -0.947743 -0.947737 0.947749 -0.947750 -0.947753 0.947750 -0.947745 -0.947743 0.947746 -0.947743 -0.947745 0.947743 0.947736 -0.947749 -0.947764 0.947736 0.947758 -0.947698 -0.947750 -0.947705 0.947645 0.947848 0.947360 -0.947658 -0.947648 -0.950397 0.949040 0.945564 -0.946425 -0.949179 -0.947738 0.969371 0.933495 0.964438 -0.988258 -0.933299 289.000000 
-0.947750 -0.947753 0.947746 -0.947745 -0.947744 0.947746 -0.947750 -0.947750 0.947748 -0.947724 -0.947749 0.947750 0.947754 -0.947746 0.947745 0.947744 -0.947746 0.947749 0.947750 -0.947748 0.947728 0.947749 -0.947750 -0.947754 0.947746 -0.947745 -0.947743 0.947746 -0.947748 -0.947750 0.947748 -0.947750 -0.947749 0.947750 0.947754 -0.947746 -0.947736 0.947754 0.947740 -0.947778 -0.947746 -0.947774 0.947812 0.947683 0.947994 -0.947804 -0.947811 -0.946043 0.946919 0.949131 -0.948587 -0.946830 -0.947753 0.933068 0.956455 0.936571 -0.918818 -0.956569 -0.053023 299.000000 
-0.947743 0.947748 -0.947749 -0.947749 0.947748 -0.947745 -0.947745 0.947747 -0.947762 -0.947746 0.947745 0.947743 -0.947748 0.947748 0.947749 -0.947748 0.947746 0.947746 -0.947747 0.947759 0.947746 -0.947745 -0.947743 0.947748 -0.947748 -0.947750 0.947748 -0.947746 -0.947746 0.947747 -0.947746 -0.947746 0.947745 0.947743 -0.947748 -0.947754 0.947743 0.947752 -0.947727 -0.947748 -0.947730 0.947706 0.947788 0.947589 -0.947711 -0.947707 -0.948829 0.948274 0.946861 -0.947210 -0.948331 -0.947744 0.956703 0.942048 0.954640 -0.964609 -0.941971 -0.105848 0.890023 309.000000 
0.947747 -0.947746 -0.947746 0.947747 -0.947748 -0.947748 0.947747 -0.947738 -0.947748 0.947748 0.947750 -0.947747 0.947746 0.947746 -0.947746 0.947748 0.947748 -0.947747 0.947739 0.947748 -0.947748 -0.947750 0.947747 -0.947746 -0.947746 0.947746 -0.947748 -0.947748 0.947747 -0.947748 -0.947748 0.947748 0.947750 -0.947747 -0.947743 0.947750 0.947744 -0.947760 -0.947746 -0.947758 0.947774 0.947721 0.947848 -0.947770 -0.947773 -0.947055 0.947410 0.948311 -0.948089 -0.947374 -0.947749 0.941881 0.951322 0.943259 -0.936452 -0.951369 -0.210119 0.978187 0.779428 319.000000 
-0.947748 -0.947748 0.947748 -0.947746 -0.947746 0.947747 -0.947753 -0.947747 0.947746 0.947745 -0.947747 0.947748 0.947748 -0.947748 0.947747 0.947746 -0.947747 0.947752 0.947747 -0.947746 -0.947745 0.947747 -0.947748 -0.947748 0.947748 -0.947747 -0.947747 0.947747 -0.947747 -0.947747 0.947746 0.947745 -0.947747 -0.947750 0.947745 0.947749 -0.947739 -0.947748 -0.947740 0.947730 0.947764 0.947683 -0.947732 -0.947731 -0.948188 0.947962 0.947387 -0.947529 -0.947985 -0.947746 0.951425 0.945442 0.950573 -0.954712 -0.945411 -0.407977 0.926581 0.999929 -0.253882 329.000000 
-0.947747 0.947747 -0.947748 -0.947748 0.947747 -0.947743 -0.947747 0.947748 0.947748 -0.947747 0.947747 0.947747 -0.947747 0.947747 0.947748 -0.947747 0.947744 0.947747 -0.947748 -0.947748 0.947747 -0.947747 -0.947747 0.947747 -0.947747 -0.947748 0.947747 -0.947748 -0.947747 0.947748 0.947748 -0.947747 -0.947745 0.947748 0.947746 -0.947752 -0.947747 -0.947752 0.947758 0.947736 0.947788 -0.947757 -0.947758 -0.947465 0.947610 0.947977 -0.947887 -0.947595 -0.947748 0.945375 0.949208 0.945929 -0.943212 -0.949227 -0.728380 0.960399 0.909357 -0.486224 -0.986637 339.000000 
0.947747 -0.947747 -0.947747 0.947747 -0.947750 -0.947747 0.947747 0.947746 -0.947747 0.947747 0.947748 -0.947747 0.947747 0.947747 -0.947747 0.947749 0.947747 -0.947747 -0.947746 0.947747 -0.947747 -0.947748 0.947747 -0.947747 -0.947747 0.947747 -0.947747 -0.947747 0.947747 0.947746 -0.947747 -0.947748 0.947746 0.947748 -0.947744 -0.947747 -0.947744 0.947740 0.947754 0.947721 -0.947741 -0.947740 -0.947927 0.947835 0.947600 -0.947658 -0.947844 -0.947747 0.949250 0.946811 0.948901 -0.950602 -0.946799 -0.993505 0.939372 0.969426 -0.826267 -0.920093 -0.551376 349.000000 
-0.947747 -0.947747 0.947747 -0.947746 -0.947747 0.947747 0.947748 -0.947747 0.947747 0.947747 -0.947747 0.947747 0.947747 -0.947747 0.947746 0.947747 -0.947747 -0.947748 0.947747 -0.947747 -0.947747 0.947747 -0.947747 -0.947747 0.947747 -0.947747 -0.947747 0.947747 0.947748 -0.947747 -0.947746 0.947748 0.947747 -0.947749 -0.947747 -0.947749 0.947752 0.947743 0.947764 -0.947751 -0.947751 -0.947633 0.947691 0.947841 -0.947804 -0.947685 -0.947748 0.946784 0.948343 0.947009 -0.945910 -0.948351 -0.914626 0.952957 0.933029 -0.996661 -0.963934 -0.892453 0.536624 359.000000 
-0.947747 0.947747 -0.947748 -0.947747 0.947747 0.947747 -0.947747 0.947747 0.947747 -0.947747 0.947747 0.947747 -0.947747 0.947748 0.947747 -0.947747 -0.947747 0.947747 -0.947747 -0.947747 0.947747 -0.947747 -0.947747 0.947747 -0.947747 -0.947747 0.947747 0.947747 -0.947747 -0.947748 0.947747 0.947747 -0.947746 -0.947747 -0.947746 0.947744 0.947750 0.947737 -0.947745 -0.947744 -0.947820 0.947783 0.947687 -0.947711 -0.947787 -0.947747 0.948360 0.947366 0.948217 -0.948913 -0.947361 -0.966786 0.944371 0.956726 -0.912056 -0.936925 -0.977166 0.878755 0.989349 369.000000 
0.947747 -0.947746 -0.947747 0.947747 0.947747 -0.947747 0.947747 0.947747 -0.947747 0.947747 0.947747 -0.947747 0.947747 0.947747 -0.947747 -0.947747 0.947747 -0.947747 -0.947747 0.947747 -0.947747 -0.947747 0.947747 -0.947747 -0.947747 0.947747 0.947747 -0.947747 -0.947747 0.947747 0.947747 -0.947748 -0.947747 -0.947748 0.947749 0.947745 0.947754 -0.947749 -0.947749 -0.947700 0.947724 0.947785 -0.947770 -0.947722 -0.947747 0.947355 0.947990 0.947447 -0.947001 -0.947993 -0.934916 0.949879 0.941866 -0.968087 -0.954430 -0.927347 0.982620 0.917955 0.270848 379.000000 
-0.947748 -0.947747 0.947747 0.947747 -0.947747 0.947747 0.947747 -0.947747 0.947747 0.947747 -0.947747 0.947747 0.947747 -0.947747 -0.947747 0.947747 -0.947747 -0.947747 0.947747 -0.947747 -0.947747 0.947747 -0.947747 -0.947747 0.947747 0.947747 -0.947747 -0.947747 0.947747 0.947747 -0.947747 -0.947747 -0.947747 0.947746 0.947748 0.947743 -0.947746 -0.947746 -0.947777 0.947762 0.947723 -0.947732 -0.947763 -0.947747 0.947997 0.947592 0.947939 -0.948222 -0.947590 -0.955621 0.946378 0.951434 -0.933989 -0.943399 -0.959971 0.923211 0.965063 0.515590 -0.768293 389.000000 
-0.947747 0.947747 0.947747 -0.947747 0.947747 0.947747 -0.947747 0.947747 0.947747 -0.947747 0.947747 0.947747 -0.947747 -0.947747 0.947747 -0.947747 -0.947747 0.947747 -0.947747 -0.947747 0.947747 -0.947747 -0.947747 0.947747 0.947747 -0.947747 -0.947747 0.947747 0.947747 -0.947747 -0.947747 -0.947747 0.947748 0.947746 0.947750 -0.947748 -0.947748 -0.947728 0.947738 0.947763 -0.947757 -0.947737 -0.947747 0.947588 0.947846 0.947625 -0.947444 -0.947847 -0.942606 0.948617 0.945369 -0.956166 -0.950486 -0.939665 0.962255 0.936133 0.857905 -0.999415 -0.897901 399.000000 
0.947747 0.947747 -0.947747 0.947747 0.947747 -0.947747 0.947747 0.947747 -0.947747 0.947747 0.947747 -0.947747 -0.947747 0.947747 -0.947747 -0.947747 0.947747 -0.947747 -0.947747 0.947747 -0.947747 -0.947747 0.947747 0.947747 -0.947747 -0.947747 0.947747 0.947747 -0.947747 -0.947747 -0.947747 0.947747 0.947748 0.947745 -0.947747 -0.947747 -0.947759 0.947753 0.947737 -0.947741 -0.947754 -0.947747 0.947849 0.947684 0.947825 -0.947941 -0.947683 -0.950977 0.947191 0.949254 -0.942242 -0.945986 -0.952780 0.938093 0.954901 0.989504 -0.909784 -0.974793 0.035459 409.000000 
0.947747 -0.947747 0.947747 0.947747 -0.947747 0.947747 0.947747 -0.947747 0.947747 0.947747 -0.947747 -0.947747 0.947747 -0.947747 -0.947747 0.947747 -0.947747 -0.947747 0.947747 -0.947747 -0.947747 0.947747 0.947747 -0.947747 -0.947747 0.947747 0.947747 -0.947747 -0.947747 -0.947747 0.947747 0.947747 0.947748 -0.947747 -0.947747 -0.947739 0.947743 0.947753 -0.947751 -0.947743 -0.947747 0.947682 0.947787 0.947697 -0.947624 -0.947788 -0.945666 0.948102 0.946782 -0.951202 -0.948865 -0.944488 0.953730 0.943086 0.917832 -0.969216 -0.929113 0.070858 0.926841 419.000000 
-0.947747 0.947747 0.947747 -0.947747 0.947747 0.947747 -0.947747 0.947747 0.947747 -0.947747 -0.947747 0.947747 -0.947747 -0.947747 0.947747 -0.947747 -0.947747 0.947747 -0.947747 -0.947747 0.947747 0.947747 -0.947747 -0.947747 0.947747 0.947747 -0.947747 -0.947747 -0.947747 0.947747 0.947747 0.947746 -0.947747 -0.947747 -0.947752 0.947750 0.947743 -0.947745 -0.947750 -0.947747 0.947789 0.947721 0.947779 -0.947826 -0.947721 -0.949067 0.947521 0.948361 -0.945520 -0.947031 -0.949806 0.943862 0.950680 0.965127 -0.933180 -0.958976 0.141241 0.960254 0.720996 429.000000 
0.947747 0.947747 -0.947747 0.947747 0.947747 -0.947747 0.947747 0.947747 -0.947747 -0.947747 0.947747 -0.947747 -0.947747 0.947747 -0.947747 -0.947747 0.947747 -0.947747 -0.947747 0.947747 0.947747 -0.947747 -0.947747 0.947747 0.947747 -0.947747 -0.947747 -0.947747 0.947747 0.947747 0.947748 -0.947747 -0.947747 -0.947744 0.947746 0.947750 -0.947749 -0.947745 -0.947747 0.947721 0.947764 0.947727 -0.947697 -0.947764 -0.946902 0.947892 0.947354 -0.949159 -0.948203 -0.946425 0.950197 0.945859 0.936088 -0.956638 -0.940344 0.278741 0.939472 0.991716 -0.338390 439.000000 
0.947747 -0.947747 0.947747 0.947747 -0.947747 0.947747 0.947747 -0.947747 -0.947747 0.947747 -0.947747 -0.947747 0.947747 -0.947747 -0.947747 0.947747 -0.947747 -0.947747 0.947747 0.947747 -0.947747 -0.947747 0.947747 0.947747 -0.947747 -0.947747 -0.947747 0.947747 0.947747 0.947747 -0.947747 -0.947747 -0.947749 0.947748 0.947745 -0.947746 -0.947748 -0.947747 0.947764 0.947737 0.947760 -0.947779 -0.947737 -0.948285 0.947655 0.947997 -0.946843 -0.947456 -0.948587 0.946172 0.948945 0.954928 -0.941925 -0.952366 0.529051 0.952897 0.916067 -0.626286 -0.997178 449.000000 
-0.947747 0.947747 0.947747 -0.947747 0.947747 0.947747 -0.947747 -0.947747 0.947747 -0.947747 -0.947747 0.947747 -0.947747 -0.947747 0.947747 -0.947747 -0.947747 0.947747 0.947747 -0.947747 -0.947747 0.947747 0.947747 -0.947747 -0.947747 -0.947747 0.947747 0.947747 0.947747 -0.947747 -0.947747 -0.947746 0.947747 0.947748 -0.947748 -0.947746 -0.947747 0.947736 0.947754 0.947739 -0.947727 -0.947754 -0.947403 0.947806 0.947587 -0.948323 -0.947933 -0.947210 0.948747 0.946980 0.943068 -0.951398 -0.944759 0.871426 0.944411 0.966045 -0.949793 -0.911632 -0.475471 459.000000 
0.947747 0.947747 -0.947747 0.947747 0.947747 -0.947747 -0.947747 0.947747 -0.947747 -0.947747 0.947747 -0.947747 -0.947747 0.947747 -0.947747 -0.947747 0.947747 0.947747 -0.947747 -0.947747 0.947747 0.947747 -0.947747 -0.947747 -0.947747 0.947747 0.947747 0.947747 -0.947747 -0.947747 -0.947748 0.947748 0.947746 -0.947747 -0.947748 -0.947747 0.947754 0.947743 0.947752 -0.947760 -0.947743 -0.947966 0.947710 0.947849 -0.947379 -0.947629 -0.948089 0.947107 0.948235 0.950691 -0.945393 -0.949636 0.985235 0.949855 0.935440 -0.946434 -0.968299 -0.813963 0.609116 469.000000 
0.947747 -0.947747 0.947747 0.947747 -0.947747 -0.947747 0.947747 -0.947747 -0.947747 0.947747 -0.947747 -0.947747 0.947747 -0.947747 -0.947747 0.947747 0.947747 -0.947747 -0.947747 0.947747 0.947747 -0.947747 -0.947747 -0.947747 0.947747 0.947747 0.947747 -0.947747 -0.947747 -0.947747 0.947747 0.947748 -0.947747 -0.947747 -0.947747 0.947743 0.947750 0.947744 -0.947739 -0.947750 -0.947607 0.947771 0.947682 -0.947982 -0.947823 -0.947528 0.948155 0.947435 0.945852 -0.949239 -0.946535 0.921188 0.946394 0.955312 -0.948582 -0.933837 -0.998369 0.938490 0.972609 479.000000 
-0.947747 0.947747 0.947747 -0.947747 -0.947747 0.947747 -0.947747 -0.947747 0.947747 -0.947747 -0.947747 0.947747 -0.947747 -0.947747 0.947747 0.947747 -0.947747 -0.947747 0.947747 0.947747 -0.947747 -0.947747 -0.947747 0.947747 0.947747 0.947747 -0.947747 -0.947747 -0.947747 0.947747 0.947747 -0.947747 -0.947747 -0.947747 0.947750 0.947745 0.947749 -0.947752 -0.947745 -0.947836 0.947732 0.947789 -0.947597 -0.947699 -0.947887 0.947487 0.947946 0.948949 -0.946791 -0.948518 0.963348 0.948607 0.942812 -0.947213 -0.956254 -0.910650 0.953491 0.930719 0.184693 489.000000 
0.947747 0.947747 -0.947747 -0.947747 0.947747 -0.947747 -0.947747 0.947747 -0.947747 -0.947747 0.947747 -0.947747 -0.947747 0.947747 0.947747 -0.947747 -0.947747 0.947747 0.947747 -0.947747 -0.947747 -0.947747 0.947747 0.947747 0.947747 -0.947747 -0.947747 -0.947747 0.947747 0.947747 -0.947747 -0.947747 -0.947747 0.947745 0.947748 0.947746 -0.947744 -0.947748 -0.947690 0.947757 0.947721 -0.947843 -0.947778 -0.947658 0.947913 0.947620 0.946977 -0.948355 -0.947254 0.937333 0.947197 0.950850 -0.948087 -0.942182 -0.968787 0.944020 0.958060 0.361043 -0.821869 499.000000 
0.947747 -0.947747 -0.947747 0.947747 -0.947747 -0.947747 0.947747 -0.947747 -0.947747 0.947747 -0.947747 -0.947747 0.947747 0.947747 -0.947747 -0.947747 0.947747 0.947747 -0.947747 -0.947747 -0.947747 0.947747 0.947747 0.947747 -0.947747 -0.947747 -0.947747 0.947747 0.947747 -0.947747 -0.947747 -0.947747 0.947748 0.947746 0.947748 -0.947749 -0.947746 -0.947783 0.947741 0.947764 -0.947686 -0.947727 -0.947804 0.947641 0.947828 0.948237 -0.947358 -0.948061 0.954186 0.948098 0.945749 -0.947530 -0.951239 -0.933487 0.950099 0.940966 0.660951 -0.997341 -0.855473 509.000000 
-0.947747 -0.947747 0.947747 -0.947747 -0.947747 0.947747 -0.947747 -0.947747 0.947747 -0.947747 -0.947747 0.947747 0.947747 -0.947747 -0.947747 0.947747 0.947747 -0.947747 -0.947747 -0.947747 0.947747 0.947747 0.947747 -0.947747 -0.947747 -0.947747 0.947747 0.947747 -0.947747 -0.947747 -0.947747 0.947746 0.947748 0.947747 -0.947746 -0.947748 -0.947724 0.947751 0.947736 -0.947786 -0.947760 -0.947711 0.947815 0.947695 0.947434 -0.947995 -0.947547 0.943561 0.947523 0.949014 -0.947886 -0.945496 -0.956459 0.946236 0.951987 0.969185 -0.911498 -0.990195 0.123663 519.000000 
-0.947747 0.947747 -0.947747 -0.947747 0.947747 -0.947747 -0.947747 0.947747 -0.947747 -0.947747 0.947747 0.947747 -0.947747 -0.947747 0.947747 0.947747 -0.947747 -0.947747 -0.947747 0.947747 0.947747 0.947747 -0.947747 -0.947747 -0.947747 0.947747 0.947747 -0.947747 -0.947747 -0.947747 0.947748 0.947747 0.947747 -0.947748 -0.947747 -0.947762 0.947745 0.947754 -0.947722 -0.947739 -0.947770 0.947704 0.947780 0.947947 -0.947589 -0.947875 0.950385 0.947890 0.946936 -0.947659 -0.949174 -0.942045 0.948707 0.945008 0.933202 -0.968366 -0.917283 0.244812 0.956402 529.000000 
0.947747 -0.947747 -0.947747 0.947747 -0.947747 -0.947747 0.947747 -0.947747 -0.947747 0.947747 0.947747 -0.947747 -0.947747 0.947747 0.947747 -0.947747 -0.947747 -0.947747 0.947747 0.947747 0.947747 -0.947747 -0.947747 -0.947747 0.947747 0.947747 -0.947747 -0.947747 -0.947747 0.947747 0.947747 0.947747 -0.947747 -0.947747 -0.947738 0.947749 0.947743 -0.947763 -0.947752 -0.947732 0.947775 0.947726 0.947620 -0.947848 -0.947666 0.946051 0.947656 0.948264 -0.947804 -0.946833 -0.951324 0.947133 0.949480 0.956625 -0.933789 -0.965414 0.470294 0.942083 0.656918 539.000000 
-0.947747 -0.947747 0.947747 -0.947747 -0.947747 0.947747 -0.947747 -0.947747 0.947747 0.947747 -0.947747 -0.947747 0.947747 0.947747 -0.947747 -0.947747 -0.947747 0.947747 0.947747 0.947747 -0.947747 -0.947747 -0.947747 0.947747 0.947747 -0.947747 -0.947747 -0.947747 0.947747 0.947747 0.947747 -0.947747 -0.947747 -0.947753 0.947746 0.947750 -0.947737 -0.947744 -0.947757 0.947730 0.947761 0.947828 -0.947683 -0.947799 0.948824 0.947805 0.947417 -0.947711 -0.948329 -0.945441 0.948138 0.946635 0.941933 -0.956282 -0.935886 0.807905 0.951300 0.967167 -0.420249 549.000000 
-0.947747 0.947747 -0.947747 -0.947747 0.947747 -0.947747 -0.947747 0.947747 0.947747 -0.947747 -0.947747 0.947747 0.947747 -0.947747 -0.947747 -0.947747 0.947747 0.947747 0.947747 -0.947747 -0.947747 -0.947747 0.947747 0.947747 -0.947747 -0.947747 -0.947747 0.947747 0.947747 0.947747 -0.947747 -0.947747 -0.947743 0.947748 0.947745 -0.947754 -0.947749 -0.947741 0.947758 0.947739 0.947695 -0.947788 -0.947714 0.947058 0.947710 0.947958 -0.947770 -0.947375 -0.949208 0.947497 0.948454 0.951392 -0.942163 -0.955048 0.998987 0.945456 0.934645 -0.744976 -0.999911 559.000000 
0.947747 -0.947747 -0.947747 0.947747 -0.947747 -0.947747 0.947747 0.947747 -0.947747 -0.947747 0.947747 0.947747 -0.947747 -0.947747 -0.947747 0.947747 0.947747 0.947747 -0.947747 -0.947747 -0.947747 0.947747 0.947747 -0.947747 -0.947747 -0.947747 0.947747 0.947747 0.947747 -0.947747 -0.947747 -0.947750 0.947747 0.947748 -0.947743 -0.947746 -0.947751 0.947740 0.947753 0.947780 -0.947721 -0.947768 0.948186 0.947771 0.947613 -0.947732 -0.947984 -0.946811 0.947906 0.947295 0.945396 -0.951251 -0.942988 0.910139 0.949199 0.955781 -0.996734 -0.909372 -0.395842 569.000000 
-0.947747 -0.947747 0.947747 -0.947747 -0.947747 0.947747 0.947747 -0.947747 -0.947747 0.947747 0.947747 -0.947747 -0.947747 -0.947747 0.947747 0.947747 0.947747 -0.947747 -0.947747 -0.947747 0.947747 0.947747 -0.947747 -0.947747 -0.947747 0.947747 0.947747 0.947747 -0.947747 -0.947747 -0.947746 0.947747 0.947746 -0.947750 -0.947748 -0.947745 0.947752 0.947744 0.947726 -0.947764 -0.947734 0.947467 0.947732 0.947833 -0.947756 -0.947596 -0.948343 0.947645 0.948035 0.949237 -0.945489 -0.950741 0.969041 0.946817 0.942499 -0.911996 -0.969418 -0.711538 0.676839 579.000000 
-0.947747 0.947747 -0.947747 -0.947747 0.947747 0.947747 -0.947747 -0.947747 0.947747 0.947747 -0.947747 -0.947747 -0.947747 0.947747 0.947747 0.947747 -0.947747 -0.947747 -0.947747 0.947747 0.947747 -0.947747 -0.947747 -0.947747 0.947747 0.947747 0.947747 -0.947747 -0.947747 -0.947748 0.947747 0.947748 -0.947745 -0.947747 -0.947749 0.947744 0.947749 0.947761 -0.947736 -0.947756 0.947926 0.947757 0.947692 -0.947741 -0.947844 -0.947366 0.947812 0.947563 0.946792 -0.949179 -0.945820 0.933306 0.948339 0.951043 -0.968117 -0.933034 -0.989109 0.976522 0.948253 589.000000 
0.947747 -0.947747 -0.947747 0.947747 0.947747 -0.947747 -0.947747 0.947747 0.947747 -0.947747 -0.947747 -0.947747 0.947747 0.947747 0.947747 -0.947747 -0.947747 -0.947747 0.947747 0.947747 -0.947747 -0.947747 -0.947747 0.947747 0.947747 0.947747 -0.947747 -0.947747 -0.947746 0.947747 0.947747 -0.947748 -0.947747 -0.947746 0.947749 0.947746 0.947739 -0.947754 -0.947742 0.947633 0.947741 0.947782 -0.947751 -0.947686 -0.947990 0.947706 0.947864 0.948355 -0.946830 -0.948970 0.956565 0.947369 0.945623 -0.933968 -0.956723 -0.918145 0.927829 0.947424 0.097092 599.000000 
-0.947747 -0.947747 0.947747 0.947747 -0.947747 -0.947747 0.947747 0.947747 -0.947747 -0.947747 -0.947747 0.947747 0.947747 0.947747 -0.947747 -0.947747 -0.947747 0.947747 0.947747 -0.947747 -0.947747 -0.947747 0.947747 0.947747 0.947747 -0.947747 -0.947747 -0.947748 0.947747 0.947747 -0.947746 -0.947747 -0.947748 0.947746 0.947748 0.947753 -0.947743 -0.947751 0.947820 0.947751 0.947725 -0.947745 -0.947786 -0.947592 0.947774 0.947672 0.947359 -0.948331 -0.946964 0.941974 0.947988 0.949094 -0.956178 -0.941868 -0.964963 0.959701 0.947953 0.192966 -0.869011 609.000000 
-0.947747 0.947747 0.947747 -0.947747 -0.947747 0.947747 0.947747 -0.947747 -0.947747 -0.947747 0.947747 0.947747 0.947747 -0.947747 -0.947747 -0.947747 0.947747 0.947747 -0.947747 -0.947747 -0.947747 0.947747 0.947747 0.947747 -0.947747 -0.947747 -0.947747 0.947747 0.947747 -0.947748 -0.947747 -0.947747 0.947748 0.947747 0.947744 -0.947750 -0.947745 0.947701 0.947745 0.947761 -0.947749 -0.947722 -0.947846 0.947730 0.947795 0.947995 -0.947374 -0.948245 0.951367 0.947593 0.946885 -0.942233 -0.951433 -0.936203 0.939850 0.947615 0.376422 -0.986051 -0.806347 619.000000 
0.947747 0.947747 -0.947747 -0.947747 0.947747 0.947747 -0.947747 -0.947747 -0.947747 0.947747 0.947747 0.947747 -0.947747 -0.947747 -0.947747 0.947747 0.947747 -0.947747 -0.947747 -0.947747 0.947747 0.947747 0.947747 -0.947747 -0.947747 -0.947747 0.947747 0.947747 -0.947747 -0.947747 -0.947747 0.947747 0.947748 0.947749 -0.947745 -0.947749 0.947777 0.947749 0.947738 -0.947746 -0.947763 -0.947684 0.947758 0.947717 0.947589 -0.947985 -0.947429 0.945412 0.947845 0.948296 -0.951207 -0.945370 -0.954859 0.952667 0.947831 0.683717 -0.920552 -0.999122 0.210899 629.000000 
0.947747 -0.947747 -0.947747 0.947747 0.947747 -0.947747 -0.947747 -0.947747 0.947747 0.947747 0.947747 -0.947747 -0.947747 -0.947747 0.947747 0.947747 -0.947747 -0.947747 -0.947747 0.947747 0.947747 0.947747 -0.947747 -0.947747 -0.947747 0.947747 0.947747 -0.947747 -0.947747 -0.947747 0.947747 0.947747 0.947746 -0.947748 -0.947746 0.947728 0.947746 0.947753 -0.947748 -0.947737 -0.947787 0.947740 0.947767 0.947848 -0.947595 -0.947950 0.949226 0.947684 0.947396 -0.945517 -0.949253 -0.943113 0.944562 0.947694 0.979393 -0.963689 -0.910026 0.409401 0.978475 639.000000 
-0.947747 -0.947747 0.947747 0.947747 -0.947747 -0.947747 -0.947747 0.947747 0.947747 0.947747 -0.947747 -0.947747 -0.947747 0.947747 0.947747 -0.947747 -0.947747 -0.947747 0.947747 0.947747 0.947747 -0.947747 -0.947747 -0.947747 0.947747 0.947747 -0.947747 -0.947747 -0.947747 0.947747 0.947747 0.947748 -0.947746 -0.947748 0.947759 0.947748 0.947743 -0.947747 -0.947754 -0.947721 0.947752 0.947735 0.947683 -0.947844 -0.947618 0.946799 0.947787 0.947971 -0.949161 -0.946782 -0.950663 0.949760 0.947781 0.925671 -0.937096 -0.969096 0.730329 0.926364 0.587697 649.000000 
